[0.0, 0.25, 0.5, 0.75, 1.0] 
kmeans : 
[100.0, 0.25854843899999996, 2.812038918655929e-5, 100.0] 
[87.09000000000002, 0.15673681199999995, 0.2642474135912663, 23.0] 
[82.94999999999996, 0.14474538700000003, 0.40469712545325054, 14.0] 
[82.37499999999999, 0.153315105, 0.5092076804265141, 8.0] 
[82.82999999999997, 0.14356193800000003, 0.5840100467342327, 16.0] 
sspa : 
[100.0, 0.057282650000000004, 4.1528086040911355e-9, 100.0] 
[99.275, 0.10162497700000003, 0.20174487957882092, 96.0] 
[99.36999999999999, 0.111747865, 0.361642065798694, 96.0] 
[98.42999999999999, 0.13200371799999996, 0.4810732228208466, 86.0] 
[98.15500000000002, 0.14185341699999998, 0.5674554689302062, 78.0] 
random : 
[69.87499999999999, 0.28893439299999996, 0.3656843083160948, 2.0] 
[69.88500000000002, 0.2696005469999999, 0.3963122075994139, 0.0] 
[73.2, 0.24702451099999997, 0.4670219934932417, 1.0] 
[74.70500000000003, 0.28556244700000005, 0.5446850222690389, 1.0] 
[74.89500000000001, 0.3034596540000001, 0.6070521536189449, 0.0] 
spa : 
[100.0, 0.05200252899999999, 4.206249763941049e-9, 100.0] 
[87.65499999999999, 0.13335651799999998, 0.2643566653884274, 22.0] 
[83.60499999999998, 0.13671586700000005, 0.4021811168481224, 14.0] 
[81.56999999999998, 0.15906858699999996, 0.5085338316621751, 14.0] 
[78.92999999999998, 0.17085387900000004, 0.5877486381329408, 6.0] 
